[intrinsic]
ks = [[80.20551072257952, 0.0, 381.00541704664766], [0.0, 45.22917321615969, 322.2245448886999], [0.0, 0.0, 1.0]]
dist = [[-0.009419864377116156, -0.00021154297586994714, -0.008597848272438695, 0.024251103846098777, 1.7323311499449833e-06]]
newcameramtx = [[-9616.5654296875, 0.0, -0.05442307548411529], [0.0, -66788.03125, 801.0256386481051], [0.0, 0.0, 1.0]]

